"Genotype" "HCN" "Herbivory" "Pollination" "Glycosides.Ac" "Linamarase.Li" "Flwr.date" "Bnr.wdth" "Bnr.ht" "Biomass" "Infl" "Flwrs" "AF.Seeds" "RF.Seed" "Flwr.date.T" "Bnr.wdth.T" "Bnr.ht.T" "Biomass.T" "Infl.T" "Flwrs.T" "Flwr.date.S" "Bnr.wdth.S" "Bnr.ht.S" "Biomass.S" "Infl.S" "Flwrs.S" "AF.Seeds.S"
"1" "102-2" "No" "Ambient" "Open" "No" "No" 18.5 3.6975 6.745 38.825 103.75 56.75 2.11784942419596 2.93668268649265 4.30116263352131 1.38668253479408 0.0219804253322204 2.49619130514265 4.69889818747649 3.84286642170832 -1.20676762715674 1.54575460018168 -1.14418944549563 0.316597772317129 1.32687376239472 -0.310092588474447 1.48403358351642
"2" "102-2" "No" "Ambient" "Supp" "No" "No" 21 3.555 6.745 54.66 109.25 59.75 2.24201953648354 3.48409479754535 4.58257569495584 1.37312445302546 0.0219804253322204 2.71905133377614 4.7805054232343 3.90942275564277 -0.972583317850112 1.09647275183302 -1.14418944549563 0.920898959799693 1.39035553588838 -0.0413557006765982 1.69941173837037
"3" "102-2" "No" "Reduced" "Open" "No" "No" 24.5 3.33 6.0275 18.4675 48.25 50.875 1.66454037865086 1.42578745627393 4.94974746830583 1.35086222801937 0.0275248880898261 2.07301300635696 3.64053970985267 3.70539752771031 -0.667032936853096 0.358756770340617 0.302412425808441 -0.83088098392768 0.503583124895401 -0.865155653973573 0.697750443319361
"4" "102-2" "No" "Reduced" "Supp" "No" "No" 28.5 3.2975 6.2125 28.4025 76.75 55.75 1.85433163801403 1.97121506547609 5.33853912601566 1.34755407302768 0.0259099870854908 2.30854923944635 4.24971162979963 3.82016062480753 -0.343491075075882 0.24913256135166 -0.118930257328466 -0.192207345483675 0.977454264894979 -0.401772595971548 1.02695117041843
"5" "105-1" "No" "Ambient" "Open" "Yes" "No" 20 2.92 6.555 8.1075 14 48.875 0.944026400207585 0.260090329245499 4.47213595499958 1.30721105758156 0.023273119953733 1.68741435485798 2.41014226417523 3.65619140578658 -1.06448827098136 -1.08773683189421 -0.806913402665386 -1.87645979149267 -0.453535581900049 -1.06383697075715 -0.552010617250311
"6" "105-1" "No" "Ambient" "Supp" "Yes" "No" 18.75 2.86 6.43 24.895 133 50.75 1.9866360062905 2.42396694178033 4.33012701892219 1.30044355991668 0.0241867799897932 2.23371639913991 5.10446872200146 3.70236031526107 -1.1826642520148 -1.31199524185672 -0.568531006447235 -0.395122038338918 1.64236462015179 -0.877419115209177 1.25643852605925
"7" "105-1" "No" "Reduced" "Open" "Yes" "No" 12 2.9025 6.7175 21.45 92.5 48.5 1.74322671303382 1.63769643000958 3.46410161513775 1.30524806214761 0.022160759970022 2.15207213419155 4.52252084825514 3.64681651488434 -1.90334708028656 -1.15278572538215 -1.09713846221561 -0.61650640484895 1.18967090049296 -1.10169030274798 0.834235119054939
"8" "105-1" "No" "Reduced" "Supp" "Yes" "No" 16.75 3.0125 6.795 35.3575 222.25 54.875 2.65617191181916 5.79349084164556 4.09267638593623 1.3174427865266 0.0216581360683228 2.43848667926721 6.0573210101189 3.80006925081553 -1.38026422195499 -0.748682224414976 -1.22827771024517 0.160127479489908 2.38358263305811 -0.482896254668081 2.41777602736749
"9" "107-2" "Yes" "Ambient" "Open" "Yes" "Yes" NA NA NA 69.44 0 NA 0 0 NA NA NA 2.88670515681804 0 NA NA NA NA 1.37550450289072 -2.32837062417402 NA -2.18946314478941
"10" "107-2" "Yes" "Ambient" "Supp" "Yes" "Yes" NA NA NA 81.29 0 NA 0 0 NA NA NA 3.00268158758615 0 NA NA NA NA 1.68998303572991 -2.32837062417402 NA -2.18946314478941
"11" "107-2" "Yes" "Reduced" "Open" "Yes" "Yes" NA NA NA 144.285 0 NA 0 0 NA NA NA 3.46581435310032 0 NA NA NA NA 2.94580123641121 -2.32837062417402 NA -2.18946314478941
"12" "107-2" "Yes" "Reduced" "Supp" "Yes" "Yes" NA NA NA 93.785 0 NA 0 0 NA NA NA 3.11195526784822 0 NA NA NA NA 1.98628657274307 -2.32837062417402 NA -2.18946314478941
"13" "108-3" "No" "Ambient" "Open" "Yes" "No" 39 NA NA 16.37 0 NA 0 0 6.2449979983984 NA NA 2.01146356288867 0 NA 0.410839387986871 NA NA -0.997776779485284 -2.32837062417402 NA -2.18946314478941
"14" "108-3" "No" "Ambient" "Supp" "Yes" "No" 37 NA NA 14.5575 0 NA 0 0 6.08276253029822 NA NA 1.9533123668766 0 NA 0.275831436158322 NA NA -1.15545797973953 -2.32837062417402 NA -2.18946314478941
"15" "108-3" "No" "Reduced" "Open" "Yes" "No" 27 2.7825 5.71 21.955 6.5 43.1666666666667 0.75784361033581 0.134558322721925 5.19615242270663 1.29154277194417 0.0306709892314157 2.16462844113576 1.86625557840862 3.50791857902737 -0.461981423743046 -1.60694570316069 1.12325945783012 -0.582459064716624 -0.87662173438924 -1.66252346162525 -0.874952305949674
"16" "108-3" "No" "Reduced" "Supp" "Yes" "No" 35 2.96 5.77 23.9675 6.75 48.5 0.705266401676545 0.108450452868125 5.91607978309962 1.31166499282726 0.0300364341946781 2.21261414270468 1.88988157484231 3.64681651488434 0.137122579408554 -0.940144252518979 0.957698150320075 -0.452342342493767 -0.858243215128813 -1.10169030274798 -0.966149631777781
"17" "108-4" "No" "Ambient" "Open" "Yes" "No" 42.6666666666667 2.97 5.635 5.3925 1.75 46.75 0.494198153604042 0.0373142864056632 6.53197264742181 1.31277141725489 0.0314928641106533 1.52386866361463 1.20507113208762 3.60241607360726 0.649651899486782 -0.903480038481305 1.33769425345609 -2.31992583622045 -1.39095310303704 -1.28096755106225 -1.3322561688551
"18" "108-4" "No" "Ambient" "Supp" "Yes" "No" 50 NA NA 11.475 2.75 60 0.642376418973458 0.0819484144641341 7.07106781186548 NA NA 1.84050996661003 1.40101966532769 3.91486764116886 1.09827225879855 NA NA -1.46132989786655 -1.23852592806842 -0.0193706918247156 -1.07523488735052
"19" "108-4" "No" "Reduced" "Open" "Yes" "No" 65.3333333333333 3.54 6.53 12.7125 3.75 56.3333333333333 0.715390433410235 0.113188204265514 8.08290376865476 1.37167371201123 0.0234516626056204 1.88824238306458 1.55361625297693 3.83343835041008 1.94029467049615 1.0483987237019 -0.760329965167571 -1.3318999766655 -1.1198219685102 -0.348160648850527 -0.94858908331476
"20" "108-4" "No" "Reduced" "Supp" "Yes" "No" 50.6666666666667 3.18333333333333 6.25333333333333 14.1375 5.5 57 0.743484298848333 0.127053662678101 7.11805216802087 1.33573568698165 0.0255727151631426 1.93906851403042 1.76517416766303 3.8485011312768 1.13737136435669 -0.142500002743536 -0.20692763693716 -1.19408122340531 -0.955252350434297 -0.287341120303587 -0.899859120932519
"21" "110-5" "Yes" "Ambient" "Open" "Yes" "Yes" 41.3333333333333 3.32 5.57 16.8225 13.25 58.5 0.990960194827612 0.300843349336642 6.42910050732864 1.34984692310975 0.0322321748015304 2.02522198955156 2.36631174558168 3.88196803832815 0.564044497499797 0.325112035471937 1.53058728487392 -0.960469804245019 -0.487631076345204 -0.152210593822707 -0.470602024640332
"22" "110-5" "Yes" "Ambient" "Supp" "Yes" "Yes" 33 3.4025 5.945 17.79 19.25 56.875 1.11829593112508 0.432356526788468 5.74456264653803 1.35815561500502 0.0282941259272516 2.05373302592928 2.68005420548268 3.84568584049059 -0.00560932491448144 0.600441873112247 0.503113727944719 -0.883160054062091 -0.243572720614523 -0.298708520510438 -0.249732965045711
"23" "110-5" "Yes" "Reduced" "Open" "Yes" "Yes" 45.6666666666667 3.41 5.85666666666667 22.4625 20.5 52.5 1.18874311188352 0.519320929273655 6.75771164423776 1.35890342970424 0.0291540561876407 2.17703054521148 2.73685183739921 3.74443619360925 0.837505763779482 0.625222633106113 0.727477526252045 -0.548829856885174 -0.199390187401391 -0.707527837696988 -0.1275394393503
"24" "110-5" "Yes" "Reduced" "Supp" "Yes" "Yes" 60.5 3.43 5.88666666666667 10.2375 11 61.1666666666667 0.96288987410059 0.275995273084432 7.77817459305202 1.36089158926977 0.0288576599131192 1.78874518899569 2.22398009056932 3.94007907514488 1.68670732401576 0.691105404700272 0.65014498311571 -1.60169385982925 -0.598350007094031 0.0824264160254306 -0.519291147755096
"25" "114-1" "Yes" "Ambient" "Open" "Yes" "Yes" 26.6666666666667 2.74 5.21 76.7625 1.5 NA 0.357914901279953 0.0141746102166577 5.16397779494322 1.28658250249437 0.0368404183597909 2.95996978322485 1.14471424255333 NA -0.488756275420372 -1.77131696634851 2.73292086456295 1.57416686962187 -1.43790436115302 NA -1.56864506214268
"26" "114-1" "Yes" "Ambient" "Supp" "Yes" "Yes" 36.3333333333333 2.97 5.44 57.18 2.5 73 0.502157345004291 0.0391463471904969 6.02771377334171 1.31277141725489 0.0337910899653979 2.74986287479282 1.35720880829745 4.17933919638123 0.23002135520354 -0.903480038481305 1.93732274182357 1.00444669574281 -1.27260612790279 1.04849555707098 -1.31845062478066
"27" "114-1" "Yes" "Reduced" "Open" "Yes" "Yes" 62.75 3.385 6.1475 83.835 43.5 72.375 1.61912116382705 1.31222961195754 7.92148975887743 1.35640589400718 0.0264607972538985 3.02591233799314 3.51692482799883 4.16737765644932 1.80597031398112 0.542460375624443 0.0247812355945935 1.75297490620185 0.407423858411005 1.00019801986383 0.618968951513889
"28" "114-1" "Yes" "Reduced" "Supp" "Yes" "Yes" 47.5 3.41 6.43 88.55 6.5 74.5 0.682150773761701 0.0981325114072536 6.89202437604511 1.35890342970424 0.0241867799897932 3.06758878533088 1.86625557840862 4.20777094947596 0.949277172572842 0.625222633106113 -0.568531006447235 1.86598362638678 -0.87662173438924 1.16329546249907 -1.00624463690316
"29" "118-2" "No" "Ambient" "Open" "Yes" "No" 29.75 3.33 6.12 22.915 13 73.1666666666667 0.993517619938026 0.303178574223221 5.45435605731786 1.35086222801937 0.0266991328121663 2.18791258005446 2.35133468772076 4.18251740231813 -0.247111369298334 0.358756770340617 0.0869651981643746 -0.519322427409542 -0.499281638772663 1.06132831274988 -0.466166065847104
"30" "118-2" "No" "Ambient" "Supp" "Yes" "No" 16.75 3.445 6.28 47.0575 22.25 73.25 1.38250487266177 0.816905456940383 4.09267638593623 1.36237701071585 0.0253559982149377 2.61913095072925 2.81261316417093 4.18410469560232 -1.38026422195499 0.740328657978969 -0.263471103188488 0.649957568922239 -0.140455911034354 1.06773738356251 0.208548285375409
"31" "118-2" "No" "Reduced" "Open" "Yes" "No" 35.5 3.18666666666667 6.12333333333333 24.5475 25.5 71.875 1.17744671168732 0.504656148258511 5.95818764390649 1.33608521878888 0.0266700725337073 2.22588035830188 2.94338265844167 4.15775874710191 0.17216359793545 -0.130917368925187 0.0793831013883201 -0.416370033381429 -0.0387311149658827 0.961359405877391 -0.147133509017515
"32" "118-2" "No" "Reduced" "Supp" "Yes" "No" 18.25 3.23 6.125 33.1375 60 72.25 1.59265185148302 1.24891918688134 4.27200187265877 1.34060436951442 0.026655560183257 2.39927448300327 3.91486764116886 4.16497709275198 -1.23103442062624 0.0188362928085981 0.0755966942581408 0.0538007554407757 0.71698115801198 0.99050517804324 0.573056843133847
"33" "12-2" "Yes" "Ambient" "Open" "Yes" "Yes" NA NA NA 21.7866666666667 0 NA 0 0 NA NA NA 2.16046729909461 0 NA NA NA NA -0.593742304210815 -2.32837062417402 NA -2.18946314478941
"34" "12-2" "Yes" "Ambient" "Supp" "Yes" "Yes" 36.6666666666667 2.74 5.02 27.1725 2 NA 0.470153865422086 0.0321286012380841 6.05530070819498 1.28658250249437 0.0396819098109554 2.2831392457088 1.25992104989487 NA 0.252978453397804 -1.77131696634851 3.47429239689229 -0.261108392852642 -1.34828568481055 NA -1.37396197331964
"35" "12-2" "Yes" "Reduced" "Open" "Yes" "Yes" 23 NA NA 19.1133333333333 0 NA 0 0 4.79583152331272 NA NA 2.09090407234857 0 NA -0.795117607428612 NA NA -0.782368056372427 -2.32837062417402 NA -2.18946314478941
"36" "12-2" "Yes" "Reduced" "Supp" "Yes" "Yes" 25 3.04333333333333 5.51666666666667 43.2425 3.5 NA 0.648656000057449 0.0843752561260918 5 1.32080097456705 0.0328584076450562 2.56435235094937 1.51829448593783 NA -0.625214144343191 -0.637400041900983 1.69397725481714 0.501421408810495 -1.14729855675326 NA -1.06434269628933
"37" "122-3" "Yes" "Ambient" "Open" "Yes" "Yes" 29 3.73 6.64 40.3375 92 94.75 2.27151218563517 3.62340599081966 5.3851648071345 1.3897196809367 0.0226810857889389 2.52015495407324 4.514357435474 4.55889657306809 -0.304690449145061 1.64639823516976 -0.961380619438071 0.381576950476472 1.18332063122707 2.58104793971878 1.75056794850022
"38" "122-3" "Yes" "Ambient" "Supp" "Yes" "Yes" 45.6666666666667 3.895 6.84 23.5275 60.5 79.375 1.96756215403721 2.3548170204043 6.75771164423776 1.40484000355879 0.0213740980130638 2.20238857528102 3.92571220526984 4.2976190171692 0.837505763779482 2.1474489450869 -1.30238587910165 -0.480069712783948 0.725417078620037 1.52607821598295 1.22335414666564
"39" "122-3" "Yes" "Reduced" "Open" "Yes" "Yes" 42 3.61 6.5775 51.4425 141.5 85.25 2.63909907385033 5.68249245863194 6.48074069840786 1.37840487520902 0.0231141691156851 2.6781229832678 5.21097288428823 4.40113607028028 0.607018062474725 1.27145309781245 -0.848385153819282 0.809918758614452 1.72521356171483 1.94405272032501 2.3881624893582
"40" "122-3" "Yes" "Reduced" "Supp" "Yes" "Yes" 39.5 3.43 6.255 33.4925 9.5 81 0.925135115397773 0.244786398463459 6.28490254498827 1.36089158926977 0.0255590890996236 2.40567464836971 2.11791179212745 4.32674871092222 0.444046868242782 0.691105404700272 -0.210482803568596 0.0711552696384939 -0.680859892816998 1.64369622134667 -0.584778325921896
"41" "124-1" "Yes" "Ambient" "Open" "Yes" "Yes" 28 3.14 6.4925 36.5325 38.5 69 1.4745896403635 0.991254839400231 5.29150262212918 1.33116659914037 0.023723353669684 2.45849793725006 3.37665670834691 4.10156592970235 -0.382633576560004 -0.293908459015839 -0.689443241083824 0.214389461937852 0.298310139297294 0.734467659114032 0.368273093482362
"42" "124-1" "Yes" "Ambient" "Supp" "Yes" "Yes" 38 2.82666666666667 6.09 14.2975 16.5 60.5 1.04641666124466 0.354230313143537 6.16441400296898 1.29663771413702 0.0269628263513095 1.9445316948075 2.54582168482974 3.92571220526984 0.343779574861609 -1.43811171287379 0.155765293656415 -1.17926741111576 -0.347991383891652 0.0244167921567831 -0.374410508086333
"43" "124-1" "Yes" "Reduced" "Open" "Yes" "Yes" 21.5 3.0725 6.2075 72.9625 163 69.125 2.33193906466828 3.92033679345672 4.63680924774785 1.32395423421499 0.0259517437057695 2.92263732644071 5.4625555712814 4.10404122657941 -0.927451627668075 -0.532908687804684 -0.108035566954426 1.47293719598041 1.92091820729335 0.744462253764836 1.85538084968848
"44" "124-1" "Yes" "Reduced" "Supp" "Yes" "Yes" 24.75 3.0375 6.3375 45.0625 67.25 66.5 1.68172397835315 1.47040149173485 4.9749371855331 1.32016760519009 0.0248979766503663 2.5909189086208 4.06659350700002 4.05141950952195 -0.646070738082272 -0.658388362315659 -0.382973186866079 0.573458563461349 0.835007788351563 0.531989666459616 0.72755610210023
"45" "128-5" "Yes" "Ambient" "Open" "Yes" "Yes" 29.75 2.91666666666667 5.95666666666667 28.7225 79.25 64.1666666666667 1.89167644397627 2.0927259166788 5.45435605731786 1.30683783525728 0.0281834012918645 2.31502432938456 4.29536186390886 4.00346921249353 -0.247111369298334 -1.10010451181827 0.474224641345539 -0.174649667856561 1.01296530499754 0.338379038730459 1.09172726873504
"46" "128-5" "Yes" "Ambient" "Supp" "Yes" "Yes" 21.5 3.1475 6.45 20.915 66 62.875 1.73932549714256 1.62672587784147 4.63680924774785 1.331960772666 0.0240370170061895 2.13852566758308 4.04124002062219 3.97642381387246 -0.927451627668075 -0.267591480287129 -0.607605560972094 -0.653238634975124 0.815285465146198 0.229176866299572 0.827468300012362
"47" "128-5" "Yes" "Reduced" "Open" "Yes" "Yes" 12.75 3.1925 6.405 17.06 44.75 58.5 1.57753099397196 1.21368361001234 3.57071421427143 1.33669624018345 0.0243759601843066 2.03233247418149 3.55029422939877 3.88196803832815 -1.81462696984026 -0.110669606283054 -0.519172135198362 -0.941189207667001 0.433381713270549 -0.152210593822707 0.546829095324469
"48" "128-5" "Yes" "Reduced" "Supp" "Yes" "Yes" 21.6666666666667 3.00333333333333 6.39 20.3375 87.75 62.8333333333333 2.01745965474759 2.53855373332967 4.65474668125631 1.31643943684247 0.0244905356325048 2.12360818948575 4.44374410261106 3.97554524031009 -0.912524582507131 -0.781930792193123 -0.489278335742025 -0.693688462536103 1.12839094808302 0.225629418432537 1.30990340909953
"49" "130-3" "No" "Ambient" "Open" "No" "Yes" 30 3.31333333333333 6.39333333333333 43.8025 22.75 64.375 1.07842247969764 0.387738192665913 5.47722557505166 1.34916877824711 0.0244650047135909 2.57261456785773 2.83352555404853 4.00779729068828 -0.228079977552104 0.302639964382994 -0.495939589806057 0.523825011284979 -0.124188289847418 0.355854674713489 -0.318895102680013
"50" "130-3" "No" "Ambient" "Supp" "No" "Yes" 26.3333333333333 3.31333333333333 6.10666666666667 43.5925 32 69.5 1.10568244928436 0.417891014662917 5.13160143944688 1.34916877824711 0.0268158501935508 2.56952557141155 3.1748021039364 4.11144925931074 -0.515698999440095 0.302639964382994 0.11741784789911 0.515448972602756 0.141288667403939 0.774373932236843 -0.271611566869356
"51" "130-3" "No" "Reduced" "Open" "No" "Yes" 67.3333333333333 3.205 5.95 19.8425 8.5 72.1666666666667 0.77015515631356 0.141223336404631 8.20568908339411 1.33800275746981 0.028246592754749 2.11056677570469 2.04082755095867 4.16337517832753 2.04247327577713 -0.0673748016540265 0.490711881400266 -0.72905120516282 -0.740823256265906 0.984037070930097 -0.853597424269726
"52" "130-3" "No" "Reduced" "Supp" "No" "Yes" 60.25 3.47666666666667 6.48666666666667 35.84 19.75 69.6666666666667 1.02270555584264 0.330691956019702 7.76208734813001 1.3654970411757 0.0237660407571755 2.44676353962501 2.70306008787511 4.11473316586604 1.67331995556348 0.843718877615417 -0.678305783164936 0.182570788743328 -0.225676584303862 0.787633479079653 -0.415538393347534
"53" "130-5" "No" "Ambient" "Open" "No" "Yes" 54.3333333333333 3.83 6.38 24.6675 25.25 54.5 1.30357006853641 0.684817618787991 7.37111479583199 1.39894194986 0.0245673686382799 2.22859567943181 2.93373215422131 3.79139326343789 1.34796321252168 1.95200179314646 -0.469231890343926 -0.409007242515469 -0.0462381836385019 -0.517927598923577 0.0716326286761345
"54" "130-5" "No" "Ambient" "Supp" "No" "Yes" 51 3.56 6.21 20.6075 1.25 52 0.523023558902539 0.0442318943674658 7.14142842854285 1.37360701309047 0.0259308527879556 2.13062160781606 1.07721734501594 3.73251115681725 1.15682445369307 1.11246361850905 -0.113486201600922 -0.674671068294053 -1.49040978816821 -0.755677984871782 -1.28225732056761
"55" "130-5" "No" "Reduced" "Open" "No" "Yes" 57.25 3.6725 6.305 40.1025 83.5 59.5 1.7707927974867 1.71662339013284 7.56637297521078 1.38433261526039 0.0251553183688537 2.51647640010424 4.37081231942814 3.90396266088985 1.51045176810327 1.46788398326225 -0.315830340425666 0.371602283662882 1.07165775650371 -0.0634021203671013 0.882049623661805
"56" "130-5" "No" "Reduced" "Supp" "No" "Yes" 46.25 3.71 6.1725 95.675 72 57.125 1.57114282486351 1.19899889931896 6.80073525436772 1.38785302839523 0.0262468870781818 3.12751655849567 4.16016764610381 3.85131230914368 0.873308844030275 1.58454191077476 -0.031029917624582 2.02848214489064 0.907798543341469 -0.275990326978144 0.535748553879144
"57" "132-1" "No" "Ambient" "Open" "No" "No" 20.25 3.03 6.065 52.31 52.5 51.8333333333333 1.37963723574046 0.811832637490582 4.5 1.31935193127267 0.02718556663896 2.68934290178798 3.74443619360925 3.72851916322935 -1.04130056924623 -0.685417811726197 0.213880305158321 0.840342384272124 0.584403569153513 -0.771796600028333 0.203574251467215
"58" "132-1" "No" "Ambient" "Supp" "No" "No" 22.75 3.3 6.06666666666667 26.0625 28.75 45.3333333333333 1.15850655013006 0.480692411354977 4.76969600708473 1.34780941251295 0.027170631566236 2.25945667454933 3.06346283761421 3.56565416082624 -0.816866874449212 0.257593890753216 0.209983605857551 -0.325325408178618 0.0546785277517256 -1.42940243991891 -0.179985996413122
"59" "132-1" "No" "Reduced" "Open" "No" "No" 45.25 3.16 6.12 42.79 42 45.3333333333333 1.37498811025592 0.803653080027367 6.72681202353685 1.33328124694796 0.0266991328121663 2.55761736320555 3.47602664488645 3.56565416082624 0.81179193836288 -0.223834174775871 0.0869651981643746 0.483158999367995 0.375609409942889 -1.42940243991891 0.195510152546
"60" "132-1" "No" "Reduced" "Supp" "No" "No" 34.5 3.1725 5.95 38.17 55.75 46.5 1.42498790402223 0.894551439219358 5.87367006223537 1.33459780947508 0.028246592754749 2.48559599220336 3.82016062480753 3.5959831740739 0.101830361137469 -0.180206495304331 0.490711881400263 0.287867810151093 0.643309144677858 -1.30694189937616 0.282236846482823
"61" "135-1" "Yes" "Ambient" "Open" "Yes" "Yes" 12 2.7 5.51 13.0533333333333 0 NA 0 0 3.46410161513775 1.2818610191887 0.0329379679250068 1.90077344992956 0 NA -1.90334708028656 -1.92777543759252 1.71473527139868 -1.29792107684501 -2.32837062417402 NA -2.18946314478941
"62" "135-1" "Yes" "Ambient" "Supp" "Yes" "Yes" 24.3333333333333 3.14333333333333 6.83666666666667 89.6 113.5 47.125 1.94930498811622 2.28987179359918 4.93288286231625 1.3315197405958 0.0213949457055708 3.07664226925383 4.8417082966445 3.61202256195163 -0.681067204080306 -0.282206210236834 -1.29694652233952 1.8905328069601 1.43796487972791 -1.24217908980363 1.19168634322661
"63" "135-1" "Yes" "Reduced" "Open" "Yes" "Yes" 38.5 3.245 7.18 67.005 154.75 46.75 2.23525693832477 3.45266259696964 6.20483682299543 1.34215809555551 0.0193977389995422 2.86105892805188 5.36879579798331 3.60241607360726 0.37741834820022 0.0703229942079323 -1.81803631672199 1.30596288704839 1.84798304859015 -1.28096755106225 1.68768173437325
"64" "135-1" "Yes" "Reduced" "Supp" "Yes" "Yes" 11.75 2.83333333333333 5.85 42.1025 96.25 51.5 1.85252703291254 1.96546560198995 3.42782730020052 1.29740156584627 0.0292205420410549 2.54728167388728 4.58282822716511 3.72050943036845 -1.93353358032264 -1.41279952537901 0.744824303418551 0.455133025545875 1.23658364459473 -0.804137784614162 1.02382100882125
"65" "143-5" "No" "Ambient" "Open" "No" "No" 18.5 3.3075 6.515 57.41 92.75 75 1.74771298818901 1.65037306217914 4.30116263352131 1.34857456150831 0.0235597761585667 2.75262396556556 4.52659152628377 4.21716332650875 -1.20676762715674 0.282949067153829 -0.732122134248173 1.01193359432639 1.19283745623007 1.20121939886401 0.842016747397629
"66" "143-5" "No" "Ambient" "Supp" "No" "No" 16.75 3.1075 6.2675 46.8025 96.5 66.125 1.74275815772199 1.63637621424983 4.09267638593623 1.32770864890623 0.0254572398719564 2.61557551383542 4.58679261342155 4.04378969954503 -1.38026422195499 -0.408496517946518 -0.237056213793424 0.640316743018476 1.23966751660725 0.50118251007831 0.833422390640268
"67" "143-5" "No" "Reduced" "Open" "No" "No" 22.25 3.1325 5.9225 58.795 116.5 66.75 1.9192946742609 2.18573124128898 4.7169905660283 1.33037100165435 0.0285095171004538 2.76907742268239 4.88399609973746 4.05649012746648 -0.860726911533425 -0.320272624327891 0.559311287174306 1.05654834078795 1.47086030514653 0.552463481723664 1.13963222242677
"68" "143-5" "No" "Reduced" "Supp" "No" "No" 26.75 3.325 6.32 61.875 167.5 65.5 2.27891989511386 3.65897097720428 5.1720402163943 1.35035486183486 0.0250360519147572 2.80465084480691 5.51236885724867 4.03100898945729 -0.482046947185091 0.341943889207607 -0.346948066925506 1.1530082639266 1.95966766017439 0.449577380261378 1.7634169245527
"69" "144-1" "Yes" "Ambient" "Open" "Yes" "Yes" 19 3.195 6.08 15.36 9.25 52.1666666666667 1.06700211888612 0.375549882790412 4.35889894354067 1.33695785018524 0.0270515927977839 1.97969280153591 2.0991682269042 3.73649462959154 -1.15872103751064 -0.10200048721743 0.178925284658761 -1.08392551118214 -0.695440398465991 -0.7395937745088 -0.338704187120995
"70" "144-1" "Yes" "Ambient" "Supp" "Yes" "Yes" 44.6666666666667 2.95 5.65 7.1725 1.75 NA 0.482515554712953 0.034730076471703 6.68331255192114 1.31055576139734 0.0313258673349518 1.63650614058378 1.20507113208762 NA 0.775592859103372 -0.976901483783927 1.29412324237839 -2.01450111961755 -1.39095310303704 NA -1.35252011600556
"71" "144-1" "Yes" "Reduced" "Open" "Yes" "Yes" 49.6666666666667 3.355 6.225 16.6075 12.25 54.75 1.09022044181561 0.400603507794691 7.04745817062199 1.35339052324206 0.025806035386526 2.01871990500312 2.30521814602922 3.79718165908743 1.07862495636206 0.442538323675792 -0.146052221858106 -0.978100679722448 -0.535155416713885 -0.494555586971535 -0.298431053278824
"72" "144-1" "Yes" "Reduced" "Supp" "Yes" "Yes" 32.75 3.37 6.34 22.775 18.75 56.375 1.24847598365254 0.601606282006587 5.7227615711298 1.35490072517088 0.0248783448934709 2.18456311412511 2.65664642295653 3.83438324528453 -0.0237515879657853 0.492582741871503 -0.38809529472456 -0.528404748052459 -0.261781492600429 -0.344345413051825 -0.0239303222389193
"73" "147-5" "No" "Ambient" "Open" "No" "No" 20.6666666666667 3.235 6.43 54.8475 114 52 2.02729927786445 2.57587854757315 4.54606056566195 1.34112287835996 0.0241867799897932 2.72138012822782 4.84880758583988 3.73251115681725 -1.00297021705564 0.0360184146224026 -0.568531006447235 0.927213655446032 1.44348737371367 -0.755677984871782 1.32697063914648
"74" "147-5" "No" "Ambient" "Supp" "No" "No" 24.25 2.97 6.005 63.1025 76 44.75 1.67623307822807 1.45604569648168 4.92442890089805 1.31277141725489 0.0277315392876184 2.81845847975325 4.23582358425489 3.55029422939877 -0.688102361245836 -0.903480038481305 0.356329644212232 1.19044867100885 0.96665083854003 -1.4914217839031 0.718031910524347
"75" "147-5" "No" "Reduced" "Open" "No" "No" 51.25 3.43333333333333 6.28 14.3825 11.25 46.375 0.911488527072328 0.234112932427906 7.15891053163818 1.36122210334132 0.0253559982149377 1.94741538038506 2.24070237327858 3.5927580753266 1.17137258524651 0.702057837021023 -0.263471103188488 -1.1714480877964 -0.585341844847279 -1.31996399583127 -0.608448893334918
"76" "147-5" "No" "Reduced" "Supp" "No" "No" 40 2.92 5.965 25.2375 23.25 45.6666666666667 1.10331867798867 0.415216588920566 6.32455532033676 1.30721105758156 0.0281047097169926 2.2413598238791 2.85413373669243 3.57437217636125 0.477044831307257 -1.08773683189421 0.453693277993992 -0.374396335867049 -0.108157309621616 -1.39420139707062 -0.275711625174728
"77" "16-8" "Yes" "Ambient" "Open" "Yes" "Yes" 42.5 2.9625 5.775 39.965 38 50.5 1.31034643053104 0.695552915184358 6.51920240520265 1.31194186144274 0.0299844455688612 2.51431655163773 3.36197540679896 3.69627089585686 0.639024850626551 -0.930969500113822 0.944133834590796 0.365745697351305 0.286889643911018 -0.902006581532008 0.0833865066113146
"78" "16-8" "Yes" "Ambient" "Supp" "Yes" "Yes" 31 2.73 5.08333333333333 16.0175 13 53.75 0.916158763630481 0.237730008535537 5.56776436283002 1.28540700332067 0.0386992743886052 2.0005466508388 2.35133468772076 3.77392115714379 -0.152736056508598 -1.8102701494393 3.21791368123918 -1.02737878104576 -0.499281638772663 -0.588475346841532 -0.600348176390273
"79" "16-8" "Yes" "Reduced" "Open" "Yes" "Yes" 23.25 3.07 6.0325 40.365 36.75 54.25 1.49158622719205 1.02592799060489 4.82182538049648 1.32368483665619 0.02747927933529 2.52058437180036 3.32469988057549 3.78558713909543 -0.773486225218551 -0.54183586756549 0.290512677799621 0.382741347896754 0.257893238254072 -0.541371194652543 0.397754370760008
"80" "16-8" "Yes" "Reduced" "Supp" "Yes" "Yes" 38.5 3.0675 6.035 26.795 20.5 56.125 1.12194893445905 0.436607364094445 6.20483682299543 1.32341527451277 0.0274565174565106 2.27516784052537 2.73685183739921 3.82870687392763 0.37741834820022 -0.550768501260216 0.284573892045946 -0.282723438169586 -0.199390187401391 -0.367265100514479 -0.243396680868697
"81" "17-1" "Yes" "Ambient" "Open" "Yes" "Yes" 34.5 3.2675 5.9725 58.3775 31.5 86.25 1.57068952530449 1.19796140826057 5.87367006223537 1.34447861576617 0.0280341687457215 2.76414851232965 3.15817979882819 4.41827796120181 0.101830361137469 0.147219389079344 0.435288482884781 1.04318324163838 0.128358277126373 2.01326714583345 0.534962287193722
"82" "17-1" "Yes" "Ambient" "Supp" "Yes" "Yes" 37.25 3.335 5.935 29.8825 14.75 75.6666666666667 1.22935014748727 0.574379033063955 6.10327780786685 1.35136902316687 0.0283895529284179 2.33805235575366 2.45243406576201 4.2296217839003 0.292903693157173 0.375550728695858 0.528011519578501 -0.112207498367694 -0.420637046077341 1.25152335745443 -0.0571048698609296
"83" "17-1" "Yes" "Reduced" "Open" "Yes" "Yes" 35.75 3.2975 5.605 25.8025 24 80.375 1.42998566703544 0.90399668656451 5.9791303715507 1.34755407302768 0.0318308888536981 2.25380037430747 2.88449914061482 4.31559149607922 0.189591567281842 0.24913256135166 1.42588805098225 -0.340662877952234 -0.0845362461712492 1.59864633629209 0.2909056715032
"84" "17-1" "Yes" "Reduced" "Supp" "Yes" "Yes" 46.5 3.4325 5.9225 44.7675 37.25 79.5 1.72169081439592 1.57774667076676 6.81909084849293 1.3611394973936 0.0285095171004538 2.58666812012847 3.33971001581969 4.29987380195704 0.888583871103331 0.699320476861049 0.559311287174303 0.561932241090293 0.269569531377262 1.53518244109149 0.796880219181693
"85" "170-4" "Yes" "Ambient" "Open" "Yes" "Yes" 26.5 3.485 6.17 19.445 26 54.625 1.3636656388849 0.783962840056018 5.1478150704935 1.36631455758162 0.026268161149915 2.09991631072999 2.96249606840737 3.79428966889091 -0.502206455886328 0.870809382612525 -0.0254793145589631 -0.75793071608684 -0.0238629093359923 -0.506232679128099 0.175870861356287
"86" "170-4" "Yes" "Ambient" "Supp" "Yes" "Yes" 34.3333333333333 NA NA 10.7775 1.25 NA 0.342072308958578 0.0123744396655711 5.85946527708232 NA NA 1.81188032006418 1.07721734501594 NA 0.090009524595773 NA NA -1.53896126815285 -1.49040978816821 NA -1.59612468859561
"87" "170-4" "Yes" "Reduced" "Open" "Yes" "Yes" 32.75 3.505 6.82 43.6075 18.25 73.375 0.974042617844441 0.285696988711139 5.7227615711298 1.36827063210642 0.0214996431059244 2.5697465836909 2.63281871408572 4.18648337985296 -0.0237515879657853 0.93562893400706 -1.26962999738596 0.516048263483592 -0.280316922741679 1.07734188195931 -0.499946256099155
"88" "170-4" "Yes" "Reduced" "Supp" "Yes" "Yes" 54 3.44 6.395 11.225 22.5 60.1666666666667 1.27833549848243 0.645812330300624 7.34846922834953 1.36188241015851 0.0244522542227515 1.83040244578896 2.82310808664309 3.91848916741639 1.32911818609433 0.723938798676544 -0.499266311386621 -1.48873717620235 -0.132291974527692 -0.0047479258863479 0.0278622314635525
"89" "172-4" "Yes" "Ambient" "Open" "Yes" "Yes" 37.5 3.25 7.06 41.4875 35.5 55.5 1.50758009839165 1.05928536521203 6.12372435695795 1.34267480714133 0.0200627563017118 2.53792811209027 3.28656922572121 3.81444181292656 0.309918756183009 0.0874455592065756 -1.64452712100264 0.42977016197727 0.228231633224251 -0.424863647054779 0.425496396634666
"90" "172-4" "Yes" "Ambient" "Supp" "Yes" "Yes" 7 3.32333333333333 6.98666666666667 55.74 35.5 53.6666666666667 1.46014677016288 0.962412647406362 2.64575131106459 1.35018561261654 0.0204861313443273 2.73238404730595 3.28656922572121 3.7719698014923 -2.5843559849668 0.336335381829107 -1.53406463695568 0.957051582896041 0.228231633224251 -0.596354405283703 0.343221342482883
"91" "172-4" "Yes" "Reduced" "Open" "Yes" "Yes" 29.5 3.085 6.5 35.18 54 54.375 1.73363238933214 1.61080445487968 5.43139024560011 1.32529876142137 0.0236686390532544 2.43542050794822 3.77976314968462 3.78849242583755 -0.266222894283604 -0.488354326889401 -0.703718793103028 0.151813332801289 0.611884193916398 -0.529640414558685 0.817593370909037
"92" "172-4" "Yes" "Reduced" "Supp" "Yes" "Yes" 19.5 3.4275 7.1425 22.54 14.5 44.375 0.981579315284303 0.292380213648069 4.41588043316392 1.3606435455906 0.0196019601470098 2.17890591540518 2.43849948053666 3.54034937554251 -1.11130258890466 0.682885840564851 -1.76475312103613 -0.543744654114757 -0.431476675367433 -1.53157647567998 -0.486873545135261
"93" "173-1" "Yes" "Ambient" "Open" "Yes" "Yes" 23.25 3.06 5.83 26.925 25 64 1.17700159867388 0.504084035456301 4.82182538049648 1.32260559822405 0.0294213699178261 2.27792241431701 2.92401773821287 4 -0.773486225218551 -0.577599203845408 0.797222163238025 -0.275254210854566 -0.0537949689032446 0.324371275479284 -0.147905575803731
"94" "173-1" "Yes" "Ambient" "Supp" "Yes" "Yes" 28 2.99666666666667 5.63 17.1625 17.5 56.75 1.16833965786001 0.493036578412166 5.29150262212918 1.3157082844156 0.0315488265413968 2.03537828849958 2.59624705092555 3.84286642170832 -0.382633576560004 -0.806159405014373 1.35229537182868 -0.932930260467922 -0.308765797592801 -0.310092588474447 -0.162930067572124
"95" "173-1" "Yes" "Reduced" "Open" "Yes" "Yes" 37.25 3.1425 6.37 22.6 44 54.5 1.55829295549116 1.16982017574934 6.10327780786685 1.33143148157297 0.0246445637788988 2.18035449631519 3.53034833532606 3.79139326343789 0.292903693157173 -0.285130899554003 -0.449090960598883 -0.539816721548951 0.417865923305431 -0.517927598923577 0.513459928182158
"96" "173-1" "Yes" "Reduced" "Supp" "Yes" "Yes" 39.75 2.965 6.145 19.07 21.5 59.5 1.28604244146005 0.657563485613337 6.30476010645925 1.31221855488034 0.0264823319811896 2.08971795038938 2.78064888326062 3.90396266088985 0.460571791762286 -0.921800552677718 0.0303998461181566 -0.785584312391185 -0.165320731191453 -0.0634021203671013 0.0412302402983954
"97" "175-2" "Yes" "Ambient" "Open" "Yes" "Yes" 33.25 2.99 5.785 27.0275 51 60.75 1.7536303198919 1.66719316971671 5.7662812973354 1.31497591102615 0.0298808724318324 2.28008726543202 3.70842976926619 3.93111209131334 0.0124643466135088 -0.830428477565158 0.917110640389138 -0.269384059497474 0.55639439014828 0.046220104989826 0.85228060204307
"98" "175-2" "Yes" "Ambient" "Supp" "Yes" "Yes" 29.25 3.0125 5.7775 21.2325 47.25 62.5 1.61755382006776 1.30842250109226 5.40832691319598 1.3174427865266 0.029958501857708 2.14659583904043 3.61521339626284 3.9685026299205 -0.285415573336368 -0.748682224414976 0.937364879194482 -0.631355777718175 0.48388193923694 0.197193218807488 0.616250329450353
"99" "175-2" "Yes" "Reduced" "Open" "Yes" "Yes" 38.75 3.165 5.9775 25.355 65.5 57.875 1.90307213060779 2.13077470799401 6.22494979899437 1.33380833985461 0.0279872888730761 2.24396409550475 4.03100898945729 3.86809383834539 0.394155820755337 -0.206367598058584 0.423057088345726 -0.367334663814162 0.807326808086127 -0.208230946862654 1.11149355479836
"100" "175-2" "Yes" "Reduced" "Supp" "Yes" "Yes" 31 3.0825 5.84 16.7825 39 62.875 1.4983277660782 1.0399016521489 5.56776436283002 1.32503018328185 0.0293206980671796 2.02401703766344 3.39121144301417 3.97642381387246 -0.152736056508598 -0.497254353088474 0.77095594162203 -0.963737118986546 0.309632179075103 0.229176866299572 0.409447846584637
"101" "28-2" "No" "Ambient" "Open" "No" "Yes" 25 3.225 5.45 44.46 1 NA 0.326872816335172 0.0107971267571815 5 1.340085258335 0.0336671997306624 2.58221479185366 1 NA -0.625214144343191 0.00163421111561539 1.90499862797524 0.54985671735814 -1.55047669229214 NA -1.622488832234
"102" "28-2" "No" "Ambient" "Supp" "No" "Yes" 28 3.155 5.895 50.1925 2 47.5 0.489306251342091 0.0362171338469237 5.29150262212918 1.33275352816384 0.0287761296249535 2.66170369147283 1.25992104989487 3.62157822172087 -0.382633576560004 -0.241321491550188 0.628872973078911 0.765396653909708 -1.34828568481055 -1.20359586089907 -1.34074137405863
"103" "28-2" "No" "Reduced" "Open" "No" "Yes" 70 NA NA 26.3125 3.25 52.6666666666667 0.515607728224641 0.0423769835430394 8.36660026534076 NA NA 2.26485565371632 1.48124803420369 3.74839437435085 2.17637919262333 NA NA -0.310685683227441 -1.17611676675501 -0.691545749878172 -1.29512038317334
"104" "28-2" "No" "Reduced" "Supp" "No" "Yes" 29.25 3.04 5.96666666666667 46.6375 17.5 52 1.1991718823528 0.533109099735224 5.40832691319598 1.32043916081593 0.0280890109547143 2.61326718794047 2.59624705092555 3.73251115681725 -0.285415573336368 -0.649389669463118 0.449597324989738 0.634057549353432 -0.308765797592801 -0.755677984871782 -0.109450309046013
"105" "30-2" "No" "Ambient" "Open" "No" "Yes" 17.5 3.7775 7.1275 72.2075 106 71.5 1.72974236840205 1.59998552903838 4.18330013267038 1.39412308371882 0.019684552584268 2.9150471063509 4.73262349116337 4.1505152502947 -1.30484960037513 1.79231629162788 -1.74320398642801 1.45235576178761 1.35310847148362 0.932112079985597 0.810845969985974
"106" "30-2" "No" "Ambient" "Supp" "No" "Yes" 19.3333333333333 3.8 7.29666666666667 45.5133333333333 86 67.6666666666667 1.76919873190048 1.71199165506968 4.39696865275764 1.39619442376834 0.0187823957196172 2.59737502907138 4.4140049624421 4.07497480339554 -1.12704045910027 1.86095546211565 -1.97858509829921 0.590964803942154 1.10525705140621 0.627099718239045 0.879284651492969
"107" "30-2" "No" "Reduced" "Open" "No" "Yes" 11.75 3.905 7.07 47.915 108.25 64.875 1.85287354744548 1.96656872726167 3.42782730020052 1.40574083121212 0.020006041824631 2.63098197742436 4.76587486372454 4.01814671634287 -1.93353358032264 2.17730018216019 -1.65932445525517 0.682092490328532 1.37897451242569 0.397642920497123 1.02442205249723
"108" "30-2" "No" "Reduced" "Supp" "No" "Yes" 17 3.51 6.8 46.17 129.5 67 2.24005874469075 3.47496158779796 4.12310562561766 1.36875834226481 0.0216262975778547 2.60669349785196 5.0592940632756 4.06154810044568 -1.35494183485186 0.951790462249791 -1.23658466835891 0.616232510242617 1.60722352725411 0.572886239959328 1.6960106645483
"109" "36-2" "No" "Ambient" "Open" "No" "Yes" 43.75 3.4075 6.0475 25.1875 15.5 63.875 1.05512984782746 0.363152895447163 6.61437827766148 1.3586542953222 0.0273431311747412 2.24024886451733 2.49331547611932 3.99739413607028 0.718227627643393 0.616966925731161 0.254990357164634 -0.377408783032567 -0.388835645033613 0.313849485574391 -0.35929712842896
"110" "36-2" "No" "Ambient" "Supp" "No" "Yes" 31 3.33333333333333 6.04 36.2825 23.5 64.5 1.38217189331299 0.816315338649613 5.56776436283002 1.35120015480703 0.027411078461471 2.45428108879547 2.86432715799122 4.0103896570584 -0.152736056508598 0.369954842041159 0.272718435867743 0.202955170449284 -0.100227909048173 0.366321965039673 0.207970719031761
"111" "36-2" "No" "Reduced" "Open" "No" "Yes" 47.3333333333333 3.305 6.05 16.83 17.5 45.3333333333333 1.15866796167972 0.480893360027623 6.87992248018343 1.34831965656138 0.0273205382146028 2.02544767874986 2.59624705092555 3.56565416082624 0.939206303405572 0.274502137295682 0.24909564385455 -0.959857831558064 -0.308765797592801 -1.42940243991891 -0.179706021457016
"112" "36-2" "No" "Reduced" "Supp" "No" "Yes" 43.5 3.34 6.055 15.1575 11.5 58.1666666666667 0.987058233208248 0.297303561180029 6.59545297913646 1.35187524877472 0.0272754362194609 1.97313542683065 2.257178717737 3.87458083106092 0.702478508036399 0.39232581389295 0.237328114082189 -1.10170630994383 -0.57252499647348 -0.182038184574144 -0.477370137178905
"113" "37-5" "Yes" "Ambient" "Open" "Yes" "Yes" 18.75 3.0375 6.4325 50.5275 23 100.5 1.4058916299633 0.859067563283974 4.33012701892219 1.32016760519009 0.0241679831923761 2.66613387354836 2.84386697985157 4.6493119573956 -1.1826642520148 -0.658388362315659 -0.573435265616582 0.777409415037943 -0.116143757468231 2.9461213678489 0.24911357554728
"114" "37-5" "Yes" "Ambient" "Supp" "Yes" "Yes" 65.75 3.03 6.70666666666667 57.29 25.75 89.75 1.43387599023774 0.911394835482169 8.10863737011343 1.31935193127267 0.0222324107047575 2.75118443366971 2.95297029181224 4.47725144969536 1.96170947495778 -0.685417811726205 -1.07844411950287 1.00803019882108 -0.0312729531458032 2.25138650763527 0.297653596729815
"115" "37-5" "Yes" "Reduced" "Open" "Yes" "Yes" 36.25 2.81333333333333 6.12 41.6975 7 85.25 0.861206156852459 0.197466379305484 6.02079728939615 1.29510594806804 0.0266991328121663 2.54113363319007 1.91293118277239 4.40113607028028 0.224265645047925 -1.48887071421719 0.0869651981643746 0.438462165738483 -0.840313064987748 1.94405272032501 -0.695665727725436
"116" "37-5" "Yes" "Reduced" "Supp" "Yes" "Yes" 56.5 3.15 6.2975 57.2575 23.75 85.5 1.45794616270077 0.958067805788108 7.51664818918645 1.33222518176541 0.0252152714400331 2.75079417131313 2.87444853947242 4.40543405745517 1.46907215121141 -0.258829605935746 -0.300188026868845 1.00697197403777 -0.0923545478116883 1.96140685672188 0.339404298541996
"117" "38-4" "No" "Ambient" "Open" "Yes" "No" 35.5 3.19 6.41 36.32 31 49 1.31351450914844 0.700610123445953 5.95818764390649 1.33643447648928 0.024337946996819 2.454915002465 3.14138065239139 3.65930571002297 0.17216359793545 -0.119343818339975 -0.529090129160603 0.204674073500726 0.115290323052394 -1.05126223325783 0.0888816689694438
"118" "38-4" "No" "Ambient" "Supp" "Yes" "No" 32.3333333333333 2.98 5.91333333333333 20.9825 10.5 53 0.944707411074933 0.260653614807406 5.68624070307733 1.31387505119901 0.0285979747549789 2.14024902533734 2.18975956994394 3.75628575422107 -0.0541432628104028 -0.86690829427897 0.58239071148672 -0.648565624997783 -0.624969942434346 -0.659682443391941 -0.550829375956873
"119" "38-4" "No" "Reduced" "Open" "Yes" "No" 31.5 3 6.015 16.735 7.25 49.75 0.891836873071182 0.219294660899689 5.61248608016091 1.31607401295249 0.0276394079915202 2.02258335645692 1.9354383203139 3.67788118420055 -0.115519857549128 -0.794040050974942 0.332291732665545 -0.9676246499219 -0.822804899270177 -0.976259377409903 -0.642535493569217
"120" "38-4" "No" "Reduced" "Supp" "Yes" "No" 68 2.845 5.38 35.45 14.5 52.75 1.09593541274962 0.406936519698726 8.24621125123532 1.29873506895875 0.0345489973880958 2.44007996972265 2.43849948053666 3.7503703337966 2.07619472366987 -1.36861047611811 2.135067833437 0.164447802520158 -0.431476675367433 -0.683567347816723 -0.288518201690509
"121" "44-4" "Yes" "Ambient" "Open" "Yes" "Yes" 59 3.61666666666667 7.68333333333333 8.6925 15.75 53 0.903555891054654 0.228053557068113 7.68114574786861 1.37904081765049 0.0169395024491697 1.71706278206742 2.50664896748229 3.75628575422107 1.60596255340609 1.29252668332553 -2.45941308293776 -1.79606592328977 -0.378463603011559 -0.659682443391941 -0.622208376008635
"122" "44-4" "Yes" "Ambient" "Supp" "Yes" "Yes" 22 3.93 7.71 52.035 61 52.3333333333333 1.43585129187903 0.915166628001331 4.69041575982343 1.40798535509426 0.0168225273828689 2.68580136198972 3.93649718310217 3.74046962687584 -0.882841743745977 2.25167824357313 -2.4899329650624 0.830739241354436 0.733806647431286 -0.723543785934614 0.301079838479485
"123" "44-4" "Yes" "Reduced" "Open" "Yes" "Yes" 63.5 4.35666666666667 8.31 74.5325 78 55.3333333333333 1.62750619195491 1.3327225121699 7.96868872525461 1.44473629448207 0.0144809799568756 2.93823428609535 4.27265868169792 3.8106197243821 1.84524801233912 3.46951497435037 -3.10086445405881 1.51522948723698 0.995304637321236 -0.440296230546204 0.633513126865805
"124" "44-4" "Yes" "Reduced" "Supp" "Yes" "Yes" 56.6666666666667 4.01666666666667 7.88333333333333 34.7325 30.25 45.8333333333333 1.07979202986956 0.3892173019721 7.52772652709081 1.41568440529931 0.0160908956818294 2.42763847055644 3.11583984218488 3.57871528169824 1.4782912432364 2.50680603861718 -2.68082247665258 0.130711772033665 0.0954222817773978 -1.37666508545843 -0.316519561709858
"125" "47-2" "Yes" "Ambient" "Open" "Yes" "Yes" 31.5 3.16 6.0475 14.7025 33.5 58.5 1.31498966176146 0.702973252218711 5.61248608016091 1.33328124694796 0.0273431311747412 1.95815829646318 3.22365286363346 3.88196803832815 -0.115519857549128 -0.223834174775871 0.254990357164634 -1.14231788897682 0.179289376940101 -0.152210593822707 0.0914403817068836
"126" "47-2" "Yes" "Ambient" "Supp" "Yes" "Yes" 30 3.385 6.41 18.7725 53.75 61.5 1.47895146016378 1.00007724705829 5.47722557505166 1.35640589400718 0.024337946996819 2.08151971313701 3.77392115714379 3.94722338648406 -0.228079977552104 0.542460375624443 -0.529090129160603 -0.807814429372011 0.607339743368786 0.11127325720873 0.375838848905149
"127" "47-2" "Yes" "Reduced" "Open" "Yes" "Yes" 36.5 3.235 6.1475 25.335 99.75 61 2.07522162262454 2.76290044769624 6.04152298679729 1.34112287835996 0.0264607972538985 2.24352145536181 4.63771761510821 3.93649718310217 0.241513007718448 0.0360184146224026 0.0247812355945935 -0.368534914777285 1.27928176640037 0.0679636825321355 1.41009391253773
"128" "47-2" "Yes" "Reduced" "Supp" "Yes" "Yes" 23.75 3.395 6.4925 30.4225 92.75 64.25 1.90963266306332 2.15288726300958 4.87339717240448 1.35740656299755 0.023723353669684 2.34854412889937 4.52659152628377 4.00520156632829 -0.730569580176861 0.57562011173265 -0.689443241083824 -0.0837582918876094 1.19283745623007 0.345373825711607 1.12287306754179
"129" "50-1" "No" "Ambient" "Open" "No" "No" 33.75 2.93666666666667 5.73 24.2425 38.75 45 1.12772926382558 0.4433904511187 5.80947501931113 1.30907239086955 0.0304572547657989 2.2189338278519 3.3839497260535 3.55689330449006 0.0484089893237809 -1.02605677461966 1.06749414900931 -0.43520605626785 0.30398333351636 -1.46477646260093 -0.233370462397326
"130" "50-1" "No" "Ambient" "Supp" "No" "No" 13.5 2.8475 5.5975 26.0675 74.75 46.5 1.64859580059613 1.38520596463096 3.67423461417477 1.29902028585724 0.0319162453888506 2.2595650339806 4.2124723734419 3.5959831740739 -1.72848010363963 -1.35915908192253 1.44815836442429 -0.325031583694297 0.948486073346509 -1.30694189937616 0.670093918427128
"131" "50-1" "No" "Reduced" "Open" "No" "No" 31.75 3.06 6.245 27.57 109.25 47 2.05085429395161 2.66671254673649 5.63471383479232 1.32260559822405 0.0256410092044813 2.29144370149695 4.7805054232343 3.60882608013869 -0.0970225236327178 -0.577599203845408 -0.189109086733359 -0.238590256581431 1.39035553588838 -1.25508563864024 1.36782778108621
"132" "50-1" "No" "Reduced" "Supp" "No" "No" 23.25 2.8775 6.0575 25.8375 61.75 45.75 1.64107404843822 1.36633224699242 4.82182538049648 1.3024283263845 0.0272529270921178 2.25456428206127 3.95256469663525 3.57654504752033 -0.773486225218551 -1.24622490926687 0.231455273527658 -0.338591486480295 0.746305468709099 -1.38542791754795 0.657047130668034
"133" "53-5" "No" "Ambient" "Open" "No" "No" 13.25 3.2875 6.225 35.76 31.75 60.75 1.16694505828108 0.491273131849309 3.64005494464026 1.34653126085022 0.025806035386526 2.44539701379764 3.16651276568146 3.93111209131334 -1.75692349664159 0.215239053889011 -0.146052221858106 0.178865354506117 0.134840441476104 0.046220104989826 -0.165349057766594
"134" "53-5" "No" "Ambient" "Supp" "No" "No" 21.3333333333333 2.83 5.72 20.8175 18.75 60.8333333333333 1.16744052965846 0.491899164252552 4.61880215351701 1.29701980868685 0.0305638417526529 2.13602899358582 2.65664642295653 3.93290876070942 -0.942436642590885 -1.42545002897757 1.09530368464523 -0.660008548227627 -0.261781492600429 0.053474581211118 -0.164489642331763
"135" "53-5" "No" "Reduced" "Open" "No" "No" 32 3.42 6.25 22.85 28 63.3333333333333 1.34854704986788 0.758176108751989 5.65685424949238 1.35989859948847 0.0256 2.1863593851622 3.03658897187566 3.98606260476783 -0.0785978716358816 0.658200138900055 -0.199808769378341 -0.523534028402052 0.0337735106675023 0.268095756722632 0.149647048342885
"136" "53-5" "No" "Reduced" "Supp" "No" "No" 26.75 3.3025 6.2175 44.3525 49 70.125 1.51331547221665 1.07142111811495 5.1720402163943 1.34806460696015 0.0258683311644354 2.5806524878799 3.65930571002297 4.12373698706128 -0.482046947185091 0.266050413946137 -0.129798674339101 0.545620416428165 0.518181082553574 0.823988529655011 0.435444637874599
"137" "65-4" "Yes" "Ambient" "Open" "Yes" "Yes" 34.25 3.11 6.46666666666667 62.075 82 58.125 2.1021095027119 2.87169155888711 5.85234995535981 1.32797560551948 0.0239132745243915 2.80691448736351 4.34448148576861 3.87365544749789 0.0840883470406709 -0.399650225183555 -0.639891124705611 1.15914629546764 1.05117516077857 -0.185774638853519 1.45673204384373
"138" "65-4" "Yes" "Ambient" "Supp" "Yes" "Yes" 32.75 3.0475 6.4625 58.7275 90 61.5 2.08653798044825 2.80834635423295 5.7227615711298 1.32125282403089 0.0239441204089955 2.76828231574356 4.48140474655716 3.94722338648406 -0.0237515879657853 -0.622426849840707 -0.63184314668846 1.0543923504551 1.15768693447947 0.11127325720873 1.42972259952878
"139" "65-4" "Yes" "Reduced" "Open" "Yes" "Yes" 30 3.14 6.56 33.3175 71.5 60.6666666666667 1.86350718012844 2.0006217984801 5.47722557505166 1.33116659914037 0.0232376561570494 2.40252602944015 4.1505152502947 3.92931377812036 -0.228079977552104 -0.293908459015839 -0.816166236869343 0.0626175602532196 0.900290003213444 0.0389589915510135 1.04286652471729
"140" "65-4" "Yes" "Reduced" "Supp" "Yes" "Yes" 30 3.1075 6.415 55.265 91.75 65.75 2.13117047685058 2.99244625355727 5.47722557505166 1.32770864890623 0.0243000226597711 2.72654420730249 4.5102646341047 4.03613098860029 -0.228079977552104 -0.408496517946518 -0.538984941217226 0.941216431700746 1.18013686587749 0.470258659226503 1.50713949595065
"141" "68-2" "Yes" "Ambient" "Open" "Yes" "Yes" 51.5 3.42 6.24 64.16 27 68.25 1.20513655624685 0.541103778269826 7.17635004720366 1.35989859948847 0.0256821170282709 2.83019323683036 3 4.08665101278156 1.18588527661388 0.658200138900055 -0.178383673394133 1.22226831888378 0.00531117147162773 0.67424516610526 -0.0991043374274014
"142" "68-2" "Yes" "Ambient" "Supp" "Yes" "Yes" 48 3.34 6.36 86.47 14.75 76.375 0.942723728335086 0.259015110245829 6.92820323027551 1.35187524877472 0.0247221233337289 3.04941382383798 2.45243406576201 4.24277897209072 0.979384232800471 0.39232581389295 -0.428854951798794 1.81670089551775 -0.420637046077341 1.30464860635932 -0.554270155065894
"143" "68-2" "Yes" "Reduced" "Open" "Yes" "Yes" 33 3.495 6.48 78.1425 10.25 70.1666666666667 0.797981914311475 0.157090864842969 5.74456264653803 1.36729364424179 0.0238149672306051 2.97318426251965 2.17224074288431 4.12455356866422 -0.00560932491448144 0.903253932799127 -0.665540411457378 1.60999889198487 -0.638597731697727 0.827285670372276 -0.805330770702744
"144" "68-2" "Yes" "Reduced" "Supp" "Yes" "Yes" 38.25 3.475 6.605 98.19 16.25 76.25 1.01302463623508 0.32138959111653 6.18465843842649 1.36533336157538 0.0229220975323789 3.14787019093041 2.53289850955044 4.24046304424406 0.360626444409004 0.838294933828566 -0.898498415280722 2.08367250058302 -0.358044243522067 1.29529750173733 -0.432330345645494
"145" "7-3" "Yes" "Ambient" "Open" "Yes" "Yes" 43.3333333333333 3.40333333333333 6.28666666666667 31.2025 16.5 58.6666666666667 1.29474543608798 0.671003756763057 6.58280588604383 1.35823876654152 0.0253022494262012 2.36345505540575 2.54582168482974 3.88565112216764 0.691953940535746 0.603197312756863 -0.277494661784841 -0.0433262294423024 -0.347991383891652 -0.137339274595655 0.0563259415918366
"146" "7-3" "Yes" "Ambient" "Supp" "Yes" "Yes" 43.25 3.43 5.87333333333333 29.3525 12.5 62.5 1.11738235290708 0.431297767030846 6.57647321898295 1.36089158926977 0.0289888309255425 2.32761568011684 2.32079441680639 3.9685026299205 0.686684066940819 0.691105404700272 0.684368719540328 -0.140507303942383 -0.523038730194978 0.197193218807488 -0.251317603951823
"147" "7-3" "Yes" "Reduced" "Open" "Yes" "Yes" 41.5 3.5525 6.415 82.9675 95 63.25 2.37104667812606 4.12090019972531 6.44204936336256 1.37288298208444 0.0243000226597711 3.01805396493819 4.56290263538697 3.98431356434812 0.574820183927279 1.08847099225114 -0.538984941217226 1.73166635572777 1.22108364766135 0.261033593721157 1.92321460993966
"148" "7-3" "Yes" "Reduced" "Supp" "Yes" "Yes" 48.25 3.5425 6.285 64.075 68.5 60.375 2.24633362887386 3.50424580055958 6.9462219947249 1.37191582193365 0.0253156705899627 2.82925540160535 4.09163473846708 3.92300668256222 0.994378959362307 1.05642165757271 -0.273992955404751 1.21972531041514 0.854487210356633 0.0134926064432354 1.70689470864218
"149" "70-4" "No" "Ambient" "Open" "Yes" "No" 36.5 3.42666666666667 6.42666666666667 52.7325 37.75 63.5 1.33278205600599 0.731895700716427 6.04152298679729 1.36056083421089 0.0242118765172776 2.69475688579628 3.35458642604053 3.9895560882429 0.241513007718448 0.680144986645503 -0.561983089144989 0.855022795942569 0.281141800616244 0.282201519783269 0.122302019602052
"150" "70-4" "No" "Ambient" "Supp" "Yes" "No" 36 3.175 6.19 42.8175 29.5 64.125 1.13126957213825 0.447579413914698 6 1.33486065494513 0.026098689584796 2.55802819244749 3.08987330293282 4.00260247308292 0.206958705462891 -0.1714964358262 -0.0696960211997964 0.48427299275783 0.0752230684612522 0.334879374040869 -0.227229652358987
"151" "70-4" "No" "Reduced" "Open" "Yes" "No" 40.5 3.67 6.74666666666667 33.64 51.25 61.5 1.49349728005983 1.02987636911467 6.36396103067893 1.38409696411299 0.0219695667796716 2.40831891575846 3.71447942072328 3.94722338648406 0.509837193581332 1.46007507748364 -1.14702254278989 0.0783253931139324 0.561100377306753 0.11127325720873 0.401069170375706
"152" "70-4" "No" "Reduced" "Supp" "Yes" "No" 35.75 3.465 6.5025 50.5125 63.75 60 1.70415753295586 1.53003371597342 5.9791303715507 1.36435004558897 0.0236504429062788 2.66593597903049 3.99478487022701 3.91486764116886 0.189591567281842 0.805710234058825 -0.708466336988938 0.776872809649913 0.779148285549124 -0.0193706918247156 0.766468023078097
"153" "75-3" "No" "Ambient" "Open" "No" "No" 33 NA NA 25.6525 2 54.5 0.396426503713016 0.0192601573936265 5.74456264653803 NA NA 2.2505176539763 1.25992104989487 3.79139326343789 -0.00560932491448144 NA NA -0.349564213047923 -1.34828568481055 -0.517927598923577 -1.50184510747009
"154" "75-3" "No" "Ambient" "Supp" "No" "No" 52 NA NA 9.5075 1.25 48 0.313036412045275 0.00948323158987952 7.21110255092798 NA NA 1.75596794449879 1.07721734501594 3.63424118566428 1.21480536667604 NA NA -1.69057174382368 -1.49040978816821 -1.15246615889656 -1.64648864322611
"155" "75-3" "No" "Reduced" "Open" "No" "No" 44.75 2.895 6.285 23.6325 5.25 54.375 0.683152176183199 0.0985653239329531 6.68954408012983 1.30440406037292 0.0253156705899627 2.20484171298847 1.73801332244322 3.78849242583755 0.780778567691441 -1.18075389107202 -0.273992955404751 -0.473417851349847 -0.976380607115568 -0.529640414558685 -1.00450766331237
"156" "75-3" "No" "Reduced" "Supp" "No" "No" 57 2.97 6.06666666666667 32.1933333333333 4 55.6666666666667 0.632803496544158 0.0783390671516045 7.54983443527075 1.31277141725489 0.027170631566236 2.38199851604117 1.5874010519682 3.81825625728118 1.49668884418975 -0.903480038481305 0.209983605857551 0.00695571367119134 -1.09354097838504 -0.409461928781831 -1.09183951411133
"157" "77-3" "No" "Ambient" "Open" "No" "Yes" 14.75 3.1225 6.0225 41.79 8.5 69.1666666666667 0.858518722850481 0.19562353282106 3.8405728739343 1.32930797962971 0.0275706104874122 2.54254174863612 2.04082755095867 4.10486566236426 -1.59005791998376 -0.355498588311058 0.31434182434536 0.442280373253656 -0.740823256265906 0.747791107593048 -0.700327192275754
"158" "77-3" "No" "Ambient" "Supp" "No" "Yes" 23.5 3.28 5.785 36.3125 19 62.5 1.2796823392881 0.647855744899482 4.84767985741633 1.34576261934543 0.0298808724318324 2.45478825901481 2.66840164872194 3.9685026299205 -0.751970831479912 0.189768144222009 0.917110640389138 0.204330399411096 -0.252637173809609 0.197193218807488 0.0301983821060996
"159" "77-3" "No" "Reduced" "Open" "No" "Yes" 54.6666666666667 3.215 6.335 19.2025 17.75 57.75 1.06025477440657 0.368470306477185 7.39369100427294 1.33904522242683 0.0249176316538642 2.09333841576585 2.60855172313808 3.86530702625796 1.36675052023781 -0.0328300488844027 -0.377845013752899 -0.775767157023955 -0.299194067744877 -0.219483357609787 -0.350407732985592
"160" "77-3" "No" "Reduced" "Supp" "No" "Yes" 31.25 3.2925 6.08 38.155 32 60 1.58448427283293 1.22980310088283 5.59016994374947 1.34704295817261 0.0270515927977839 2.48535175958896 3.1748021039364 3.91486764116886 -0.134090740383296 0.232195458395315 0.178925284658761 0.287205555641795 0.141288667403939 -0.0193706918247156 0.558889842823777
"161" "8-2" "No" "Ambient" "Open" "No" "No" 35.25 3.63333333333333 7.00666666666667 38.955 11.5 85 1.156960478217 0.478770470556573 5.93717104351896 1.38062683616275 0.0203693460353557 2.49827822210507 2.257178717737 4.39682967215818 0.15467415369772 1.3450834786648 -1.56453500962925 0.322256599547389 -0.57252499647348 1.92666462274602 -0.182667721586527
"162" "8-2" "No" "Ambient" "Supp" "No" "No" 14 3.47 6.43333333333333 33.5725 23.25 80 1.26745641731653 0.629463988269069 3.74165738677394 1.36484196924762 0.024161722462348 2.4071099086984 2.85413373669243 4.30886938006377 -1.67237270282395 0.822011387450213 -0.57506874827673 0.0750470824785569 -0.108157309621616 1.57150420825379 0.00899201877829535
"163" "8-2" "No" "Reduced" "Open" "No" "No" 31 3.68 6.89666666666667 32.67 21.75 83.5 1.45681817572142 0.955845805803918 5.56776436283002 1.38503884758699 0.0210242991841871 2.39076717080047 2.79138508582921 4.37081231942814 -0.152736056508598 1.49128680458096 -1.39365164506588 0.0307325592372676 -0.156969104361888 1.82161342794471 0.337447758841455
"164" "8-2" "No" "Reduced" "Supp" "No" "No" 24 3.4675 6.5125 32.6725 33.5 80.25 1.49536346088096 1.03374180245278 4.89897948556636 1.36459607391844 0.0235778677502662 2.39081290653984 3.22365286363346 4.31335311834568 -0.709280673728313 0.813863014407399 -0.727401869805709 0.0308565750232311 0.179289376940101 1.58960835853297 0.404306137585227
"165" "81-3" "No" "Ambient" "Open" "No" "Yes" 15.75 2.7725 5.9525 37.25 45.25 64.25 1.49981471478263 1.04300073799829 3.96862696659689 1.29038078896683 0.0282228710738679 2.47048129073402 3.5634679836008 4.00520156632829 -1.4834947807634 -1.64545099238344 0.484522674356544 0.246883197062921 0.443629496724412 0.345373825711607 0.412027020126664
"166" "81-3" "No" "Ambient" "Supp" "No" "Yes" 25.75 2.8325 5.7675 56.6725 86.5 65.625 1.71025798682313 1.54652401008391 5.07444578254611 1.29730615814876 0.0300624792263571 2.74374087217296 4.42254271091633 4.03357161506136 -0.563262385325751 -1.41596110438528 0.964493541183383 0.987846440077243 1.11189851413625 0.459924585233739 0.777049510631737
"167" "81-3" "No" "Reduced" "Open" "No" "Yes" 21.75 2.84 6.1775 56.085 141.75 67.375 2.25075033274712 3.52495643782682 4.66368952654441 1.2981640707689 0.0262044163940725 2.73660225854626 5.21403996732967 4.06911152219885 -0.905082589458363 -1.38753196711671 -0.0421109138895074 0.968489569677259 1.72759942700135 0.603425338237363 1.71455566274164
"168" "81-3" "No" "Reduced" "Supp" "No" "Yes" 16.25 3.0525 5.98 39.3175 123.5 58.875 2.04458810332928 2.64234349479417 4.03112887414927 1.32179443218891 0.0279638930213309 2.50407005002383 4.9799194623621 3.89024518074071 -1.43148239023721 -0.604479273002809 0.41695289315225 0.337961562480692 1.54547850685795 -0.118789680134742 1.35695881633024
"169" "81-4" "No" "Ambient" "Open" "No" "No" 29.25 3.56 6.5175 67.9375 66.75 62.5 1.56180374312429 1.17774471278908 5.40832691319598 1.37360701309047 0.0235417053817368 2.87096164393 4.05649012746648 3.9685026299205 -0.285415573336368 1.11246361850905 -0.736836967897683 1.33281482187559 0.827148430720922 0.197193218807488 0.519549533390505
"170" "81-4" "No" "Ambient" "Supp" "No" "No" 25.75 3.31 6.0175 37.2333333333333 42.25 62.875 1.34666299735409 0.755002807107221 5.07444578254611 1.34882932199223 0.0276164469059137 2.470204904167 3.48290988394131 3.97642381387246 -0.563262385325751 0.291391209859394 0.326300971998967 0.246133754770897 0.380963839835356 0.229176866299572 0.146379081949118
"171" "81-4" "No" "Reduced" "Open" "No" "No" 13.75 3.2975 5.9275 48.5025 79.25 56.375 1.76743390590216 1.70687348304689 3.70809924354783 1.34755407302768 0.0284614403516696 2.63900997076911 4.29536186390886 3.83438324528453 -1.70029887850662 0.24913256135166 0.546767616525217 0.703860978563412 1.01296530499754 -0.344345413051825 0.876223488382511
"172" "81-4" "No" "Reduced" "Supp" "No" "No" 20.25 3.3475 6.1325 57.705 116.5 53.875 2.15029803196274 3.07374444940566 4.5 1.35263352256005 0.0265904009649656 2.75615324631221 4.88399609973746 3.77684441250096 -1.04130056924623 0.417453162557784 0.0585960485267498 1.02150349593342 1.47086030514653 -0.57667201422859 1.54031702515658
"173" "83-4" "Yes" "Ambient" "Open" "Yes" "Yes" 44.75 2.945 5.82 17.125 5 54.3333333333333 0.615960558558623 0.0722487766114048 6.68954408012983 1.31000008785231 0.0295225611412241 2.03426555280074 1.7099759466767 3.78752449211483 0.780778567691441 -0.995315153331909 0.823623894032646 -0.935947524300667 -0.998190711590242 -0.533548675138279 -1.12105428116608
"174" "83-4" "Yes" "Ambient" "Supp" "Yes" "Yes" 64 3.19 6.02 21.5925 4 56 0.48530572002726 0.0353360512053212 8 1.33643447648928 0.0275935144203706 2.15563750984838 1.5874010519682 3.82586236554478 1.87130440507505 -0.119343818339975 0.320317673354795 -0.606838629265957 -1.09354097838504 -0.378750473655314 -1.34768045977861
"175" "83-4" "Yes" "Reduced" "Open" "Yes" "Yes" 82.6666666666667 3.405 6.92 24.915 7.75 48.5 0.705400406316227 0.108512283228939 9.0921211313239 1.35840502381454 0.0208827558555247 2.23416489156269 1.9789458048402 3.64681651488434 2.78013795926231 0.608706674346573 -1.43058161521181 -0.393905918493072 -0.78896069106572 -1.10169030274798 -0.965917195231618
"176" "83-4" "Yes" "Reduced" "Supp" "Yes" "Yes" 60.6666666666667 3.355 6.595 52.44 9.75 51.5 0.632199417655655 0.078114932093653 7.78888096369861 1.35339052324206 0.0229916637974986 2.69101222518454 2.13632934084896 3.72050943036845 1.69561687498782 0.442538323675792 -0.880347930066662 0.844868876155936 -0.666532993426395 -0.804137784614162 -1.0928873137307
"177" "84-4" "Yes" "Ambient" "Open" "Yes" "Yes" 44.5 2.6625 5.615 20.305 67.5 63.875 1.58100800118333 1.22172648468697 6.67083203206317 1.27738674144054 0.0317176117589874 2.12275928150528 4.07162642489236 3.99739413607028 0.765206909326101 -2.07604211801439 1.39633300401948 -0.69599033830901 0.838922864639672 0.313849485574391 0.552860107005151
"178" "84-4" "Yes" "Ambient" "Supp" "Yes" "Yes" 46.25 2.7525 5.84 20.0325 45.75 69.75 1.45158763874786 0.945587165521923 6.80073525436772 1.28804736027201 0.0293206980671796 2.11560111800569 3.57654504752033 4.11637315534454 0.873308844030275 -1.72277514301846 0.77095594162203 -0.715400219612186 0.453802065394248 0.794255323199038 0.328375177835399
"179" "84-4" "Yes" "Reduced" "Open" "Yes" "Yes" 47 2.755 5.925 24.185 84.75 63.375 1.76513307983243 1.70021618943794 6.85565460040104 1.28833973286156 0.0284854635119016 2.21761690162542 4.39251482181816 3.98693654967739 0.919011232728311 -1.71308662662825 0.553035482333967 -0.438776997577378 1.08854000141956 0.271624515312802 0.872232611154413
"180" "84-4" "Yes" "Reduced" "Supp" "Yes" "Yes" 27.75 2.6975 6.045 21.9225 101.75 62.5 1.9005137982244 2.12219294440472 5.26782687642637 1.281564189015 0.0273657521716435 2.16382692086123 4.66850834339064 3.9685026299205 -0.402335889332798 -1.9376116674782 0.260892385527011 -0.584632445275992 1.3032336870895 0.197193218807488 1.10705602230293
"181" "89-5" "No" "Ambient" "Open" "No" "No" 23.75 3.13666666666667 5.70666666666667 4.6725 24 44.875 0.87727570277176 0.208727700587996 4.87339717240448 1.33081317640933 0.0307068302908551 1.47023693060735 2.88449914061482 3.55359683058628 -0.730569580176861 -0.305620028584325 1.13261072339385 -2.46535218360885 -0.0845362461712492 -1.47808675307579 -0.667792440944283
"182" "89-5" "No" "Ambient" "Supp" "No" "No" 43 3.01333333333333 5.56333333333333 5.1125 28.25 49.25 0.88148436923061 0.211746203377115 6.557438524302 1.31753388653659 0.0323094701569989 1.50369006478031 3.04559967445989 3.66551846509267 0.670843910822983 -0.745663391694444 1.55075436160475 -2.37464157556628 0.0407828815297671 -1.02617677011131 -0.660492336276556
"183" "89-5" "No" "Reduced" "Open" "No" "No" 25.25 3.03 5.775 6.14 69.25 45 1.35868488949876 0.775403972395607 5.02493781056044 1.31935193127267 0.0299844455688612 1.57413542577276 4.10651354116928 3.55689330449006 -0.604461575461181 -0.685417811726197 0.944133834590796 -2.18362385219344 0.866061340692345 -1.46477646260093 0.167231547170175
"184" "89-5" "No" "Reduced" "Supp" "No" "No" 29.5 3.1775 5.6225 3.425 25.25 38 0.794732914891464 0.155179870805158 5.43139024560011 1.33512334523728 0.0316330502900256 1.360395366183 2.93373215422131 3.36197540679896 -0.266222894283604 -0.162791518566192 1.37427013073703 -2.76319557985889 -0.0462381836385019 -2.25180342314831 -0.810966293513442
"185" "9-5" "Yes" "Ambient" "Open" "Yes" "Yes" 26 3.04 5.48666666666667 46.8733333333333 1 NA 0.395149758948387 0.0190746663111839 5.09901951359278 1.32043916081593 0.0332187164583238 2.61656458961149 1 NA -0.542812793530271 -0.649389669463118 1.78798517340317 0.642998693970632 -1.55047669229214 NA -1.5040596736532
"186" "9-5" "Yes" "Ambient" "Supp" "Yes" "Yes" 35.6666666666667 3.23 5.74 52.5175 2.25 NA 0.523154614749329 0.0442651527222608 5.97215762238964 1.34060436951442 0.030351224368391 2.69200592258 1.31037069710445 NA 0.183789034741499 0.0188362928085981 1.03982983273358 0.847563358965404 -1.30904121038064 NA -1.28202999882372
"187" "9-5" "Yes" "Reduced" "Open" "Yes" "Yes" 26.5 2.88666666666667 6.20666666666667 25.275 2 32 0.538186163152668 0.0481913806339632 5.1478150704935 1.30346435508735 0.0259587129554745 2.24219196058227 1.25992104989487 3.1748021039364 -0.502206455886328 -1.21189343830348 -0.106217224924635 -0.372139936633161 -1.34828568481055 -3.00755975641737 -1.25595716132632
"188" "9-5" "Yes" "Reduced" "Supp" "Yes" "Yes" 67.3333333333333 3.2 6.095 59.07 2 65 0.535894796312417 0.0475784626465349 8.20568908339411 1.33748060995284 0.0269186068813381 2.77230968851185 1.25992104989487 4.02072575858906 2.04247327577713 -0.0846775001873982 0.144228022904452 1.06531286483013 -1.34828568481055 0.408056411531981 -1.25993163113274
"189" "93-5" "No" "Ambient" "Open" "No" "No" 49.3333333333333 3.795 6.31 30.3975 72.25 87.1666666666667 1.90063178021076 2.12258819975556 7.02376916856849 1.39573492249704 0.0251154683658118 2.34806149511607 4.16497709275198 4.43387534908632 1.05891161201414 1.84572870777019 -0.3262275766399 -0.0850669885172943 0.911539782704791 2.07624527623933 1.10726066689943
"190" "93-5" "No" "Ambient" "Supp" "No" "No" 59 3.82 6.62666666666667 24.905 19.5 81.8333333333333 1.12314800196232 0.438008715061025 7.68114574786861 1.39802790693505 0.0227724495868572 2.23394067911654 2.69160630604364 4.34153607368896 1.60596255340609 1.92171263411959 -0.937542955300691 -0.394513886859088 -0.234586411687662 1.70340368438971 -0.241316849082756
"191" "93-5" "No" "Reduced" "Open" "No" "No" 54 3.88666666666667 6.82666666666667 12.1975 9.75 81.3333333333333 1.03319624609322 0.340973198842792 7.34846922834953 1.40408798787071 0.0214576721191406 1.86882100454272 2.13632934084896 4.33267577136067 1.32911818609433 2.12252897454161 -1.2805806179738 -1.3845624580233 -0.666532993426395 1.6676281250718 -0.397341860641806
"192" "93-5" "No" "Reduced" "Supp" "No" "No" 56.5 3.63333333333333 6.02333333333333 27.9725 32.5 89 1.46484739479027 0.971737436163955 7.51664818918645 1.38062683616275 0.0275629821799195 2.29976161330642 3.19125214942995 4.46474509558454 1.46907215121141 1.3450834786648 0.312351528012557 -0.216035633329054 0.154085057972556 2.20088915474997 0.351374768780546
"193" "98-5" "Yes" "Ambient" "Open" "Yes" "Yes" 23.75 3.00333333333333 5.94333333333333 20.9475 54.75 63.875 1.67216633658816 1.44547376452163 4.87339717240448 1.31643943684247 0.0283099969834125 2.13935595231782 3.79718165908743 3.99739413607028 -0.730569580176861 -0.781930792193123 0.507254634024495 -0.650987257488401 0.625433946683273 0.313849485574391 0.71097798027869
"194" "98-5" "Yes" "Ambient" "Supp" "Yes" "Yes" 21 3.02666666666667 6.09 10.645 29.25 58.625 1.3187784963292 0.709067134729241 4.58257569495584 1.3189889234157 0.0269628263513095 1.80628558656019 3.08112007387452 3.88473100583625 -0.972583317850112 -0.697447009051125 0.155765293656415 -1.5541317952359 0.0684139846924264 -0.141054461185589 0.0980122707324532
"195" "98-5" "Yes" "Reduced" "Open" "Yes" "Yes" 31.25 2.91 5.71666666666667 7.9625 19 55.6666666666667 1.17625867710938 0.503130106668556 5.59016994374947 1.30609042984136 0.0305994951083307 1.67981850564413 2.66840164872194 3.81825625728118 -0.134090740383296 -1.12487170915926 1.10460597655277 -1.89705648946499 -0.252637173809609 -0.409461928781831 -0.149194203741765
"196" "98-5" "Yes" "Reduced" "Supp" "Yes" "Yes" 22.25 2.9375 5.9425 13.1625 39.5 58.125 1.40617220307369 0.859581997025863 4.7169905660283 1.30916524934794 0.0283179375196566 1.9047351487108 3.40564230384454 3.87365544749789 -0.860726911533425 -1.02297967053386 0.509326393740818 -1.28717864226565 0.320857858146883 -0.185774638853519 0.249600241120065
"197" "99-5" "No" "Ambient" "Open" "Yes" "No" 22.75 3.18666666666667 6.03666666666667 35.9675 7.75 NA 0.600668582958732 0.0670002676351392 4.76969600708473 1.33608521878888 0.0274413585789767 2.44893671929979 1.9789458048402 NA -0.816866874449212 -0.130917368925187 0.280618799989941 0.188463523596385 -0.78896069106572 NA -1.14757884032205
"198" "99-5" "No" "Ambient" "Supp" "Yes" "No" 29.75 3.1525 5.6 36.63 3.75 50 0.434933270250259 0.0254354646799458 5.45435605731786 1.33248943352526 0.0318877551020408 2.46013664265821 1.55361625297693 3.68403149864039 -0.247111369298334 -0.250072945434623 1.44072498376781 0.218832930917686 -1.1198219685102 -0.951426033025769 -1.43505354085722
"199" "99-5" "No" "Reduced" "Open" "Yes" "No" 25 3.2775 6.14 77.0475 10.25 51.3333333333333 0.900994926478461 0.226119919191021 5 1.34550611259227 0.0265254803764496 2.96271337354854 2.17224074288431 3.7164915984845 -0.625214144343191 0.181268134401937 0.0416576635218865 1.58160631446417 -0.638597731697727 -0.820360727981985 -0.626650474150491
"200" "99-5" "No" "Reduced" "Supp" "Yes" "No" 29.25 3.26333333333333 6.13333333333333 73.175 5 44.5 0.700736582474494 0.106374163383232 5.40832691319598 1.34404979594454 0.0265831758034026 2.924763018673 1.7099759466767 3.54367053075038 -0.285415573336368 0.133009343339938 0.056710936714396 1.47870116517699 -0.998190711590242 -1.51816652862166 -0.974006789056498
